      0.000000000000000           1.000000000000000e+00
     1.000000000000000e-01     9.602605016433359e-01
     2.000000000000000e-01     9.024359284483735e-01
     3.000000000000000e-01     8.288078712560965e-01
     4.000000000000000e-01     7.418607731917982e-01
     5.000000000000000e-01     6.442173381248866e-01
     6.000000000000001e-01     5.385747635008522e-01
     7.000000000000001e-01     4.276431041774688e-01
     8.000000000000000e-01     3.140869525349120e-01
     9.000000000000000e-01     2.004714806553881e-01
     1.000000000000000e+00     8.921373679971116e-02
     1.100000000000000e+00    -1.746007517083123e-02
     1.200000000000000e+00    -1.175507743110331e-01
     1.300000000000000e+00    -2.093154514673466e-01
     1.400000000000000e+00    -2.912895707139738e-01
     1.500000000000000e+00    -3.623018700714228e-01
     1.600000000000000e+00    -4.214821643008047e-01
     1.700000000000000e+00    -4.682622973659051e-01
     1.800000000000000e+00    -5.023706232616624e-01
     1.900000000000000e+00    -5.238205093343483e-01
     2.000000000000000e+00    -5.328934544264902e-01
     2.100000000000000e+00    -5.301174940849371e-01
     2.200000000000000e+00    -5.162416260417571e-01
     2.300000000000000e+00    -4.922070310223066e-01
     2.400000000000000e+00    -4.591158868777248e-01
     2.500000000000000e+00    -4.181985786936478e-01
     2.600000000000000e+00    -3.707800948592652e-01
     2.700000000000000e+00    -3.182463703688246e-01
     2.800000000000000e+00    -2.620112954156174e-01
     2.900000000000000e+00    -2.034850513887654e-01
     3.000000000000000e+00    -1.440443696260989e-01
     3.100000000000000e+00    -8.500523275960346e-02
     3.200000000000000e+00    -2.759845632773090e-02
     3.300000000000000e+00     2.705149834637163e-02
     3.400000000000000e+00     7.794421809571243e-02
     3.500000000000000e+00     1.242173662146461e-01
     3.600000000000000e+00     1.651569605876831e-01
     3.700000000000000e+00     2.002039016914343e-01
     3.800000000000000e+00     2.289568301822882e-01
     3.900000000000000e+00     2.511714671128440e-01
     4.000000000000000e+00     2.667566556289934e-01
     4.100000000000001e+00     2.757673803267929e-01
     4.200000000000000e+00     2.783950885700163e-01
     4.300000000000000e+00     2.749556764993574e-01
     4.400000000000000e+00     2.658755309506243e-01
     4.500000000000000e+00     2.516760370159109e-01
     4.600000000000001e+00     2.329569697158312e-01
     4.700000000000000e+00     2.103791875866499e-01
     4.800000000000001e+00     1.846470364849178e-01
     4.900000000000000e+00     1.564908542905505e-01
     5.000000000000000e+00     1.266499422943444e-01
     5.100000000000000e+00     9.585633784019237e-02
     5.199999999999999e+00     6.481968628692712e-02
     5.300000000000000e+00     3.421346964333351e-02
     5.399999999999999e+00     4.662805422247529e-03
     5.500000000000000e+00    -2.326601653328697e-02
     5.600000000000000e+00    -4.907413818867012e-02
     5.700000000000000e+00    -7.233680390069908e-02
     5.800000000000000e+00    -9.270806833961964e-02
     5.899999999999999e+00    -1.099235560338584e-01
     6.000000000000000e+00    -1.238013273796262e-01
     6.100000000000000e+00    -1.342409429891926e-01
     6.199999999999999e+00    -1.412208511749685e-01
     6.300000000000000e+00    -1.447942517214217e-01
     6.400000000000000e+00    -1.450836125470028e-01
     6.500000000000000e+00    -1.422740341911196e-01
     6.600000000000000e+00    -1.366056701853254e-01
     6.699999999999999e+00    -1.283654193078200e-01
     6.800000000000000e+00    -1.178781086093220e-01
     6.900000000000000e+00    -1.054973841691349e-01
     7.000000000000000e+00    -9.159652011437487e-02
     7.100000000000000e+00    -7.655934591122342e-02
     7.199999999999999e+00    -6.077147777693965e-02
     7.300000000000000e+00    -4.461202277778314e-02
     7.400000000000000e+00    -2.844590432001101e-02
     7.500000000000000e+00    -1.261693588049541e-02
     7.600000000000000e+00     2.558253458704867e-03
     7.699999999999999e+00     1.679536223393043e-02
     7.800000000000000e+00     2.984657355274383e-02
     7.900000000000000e+00     4.150369490356886e-02
     8.000000000000000e+00     5.160027335531824e-02
     8.100000000000000e+00     6.001270088133984e-02
     8.199999999999999e+00     6.666034513728272e-02
     8.300000000000001e+00     7.150475966784406e-02
     8.400000000000000e+00     7.454804393028196e-02
     8.500000000000000e+00     7.583043748440316e-02
     8.600000000000000e+00     7.542724405559308e-02
     8.699999999999999e+00     7.344518983980777e-02
     8.800000000000001e+00     7.001832636016676e-02
     8.900000000000000e+00     6.530359143618800e-02
     9.000000000000000e+00     5.947614247631851e-02
     9.100000000000000e+00     5.272457448996232e-02
     9.199999999999999e+00     4.524613111872490e-02
     9.300000000000001e+00     3.724201082800633e-02
     9.400000000000000e+00     2.891286243029825e-02
     9.500000000000000e+00     2.045455460534909e-02
     9.600000000000000e+00     1.205429333119149e-02
     9.699999999999999e+00     3.887149444751682e-03
     9.800000000000001e+00    -3.886953785177737e-03
     9.900000000000000e+00    -1.112575586704713e-02
     1.000000000000000e+01    -1.770665260154241e-02